{
  "cells": [
    {
      "cell_type": "markdown",
      "metadata": {
        "id": "view-in-github",
        "colab_type": "text"
      },
      "source": [
        "<a href=\"https://colab.research.google.com/github/vadim-privalov/Sorevnovania/blob/main/%D0%92%D1%80%D0%B5%D0%BC%D0%B5%D0%BD%D0%BD%D1%8B%D0%B5_%D1%80%D1%8F%D0%B4%D1%8B_%D0%B0%D0%BF%D1%80%D0%B5%D0%BB%D1%8C_2022_%D0%B2%D0%B0%D1%80%D0%B8%D0%B0%D0%BD%D1%82_2.ipynb\" target=\"_parent\"><img src=\"https://colab.research.google.com/assets/colab-badge.svg\" alt=\"Open In Colab\"/></a>"
      ]
    },
    {
      "cell_type": "code",
      "execution_count": null,
      "metadata": {
        "colab": {
          "base_uri": "https://localhost:8080/"
        },
        "id": "e6n0wgCx2iVm",
        "outputId": "4fa2c8c2-3f2a-4d63-a3ee-4ffe6d710a95"
      },
      "outputs": [
        {
          "name": "stdout",
          "output_type": "stream",
          "text": [
            "Drive already mounted at /content/drive; to attempt to forcibly remount, call drive.mount(\"/content/drive\", force_remount=True).\n"
          ]
        }
      ],
      "source": [
        "from google.colab import drive\n",
        "drive.mount('/content/drive')"
      ]
    },
    {
      "cell_type": "code",
      "execution_count": null,
      "metadata": {
        "id": "gt6GU51M-zK1"
      },
      "outputs": [],
      "source": [
        "import matplotlib as mpl\n",
        "import matplotlib.pyplot as plt #Отрисовка изображений\n",
        "#Отрисовывать изображения в ноутбуке, а не в консоль или файл\n",
        "%matplotlib inline"
      ]
    },
    {
      "cell_type": "code",
      "execution_count": null,
      "metadata": {
        "colab": {
          "base_uri": "https://localhost:8080/"
        },
        "id": "s810KeH63Cm3",
        "outputId": "b9d7bba5-3896-41cf-b4e4-062e8098a044"
      },
      "outputs": [
        {
          "name": "stdout",
          "output_type": "stream",
          "text": [
            "Collecting category_encoders\n",
            "  Downloading category_encoders-2.4.0-py2.py3-none-any.whl (86 kB)\n",
            "\u001b[?25l\r\u001b[K     |███▉                            | 10 kB 18.1 MB/s eta 0:00:01\r\u001b[K     |███████▋                        | 20 kB 11.8 MB/s eta 0:00:01\r\u001b[K     |███████████▍                    | 30 kB 9.3 MB/s eta 0:00:01\r\u001b[K     |███████████████▏                | 40 kB 4.5 MB/s eta 0:00:01\r\u001b[K     |███████████████████             | 51 kB 4.4 MB/s eta 0:00:01\r\u001b[K     |██████████████████████▊         | 61 kB 5.2 MB/s eta 0:00:01\r\u001b[K     |██████████████████████████▌     | 71 kB 5.3 MB/s eta 0:00:01\r\u001b[K     |██████████████████████████████▎ | 81 kB 5.9 MB/s eta 0:00:01\r\u001b[K     |████████████████████████████████| 86 kB 3.0 MB/s \n",
            "\u001b[?25hRequirement already satisfied: scipy>=1.0.0 in /usr/local/lib/python3.7/dist-packages (from category_encoders) (1.4.1)\n",
            "Requirement already satisfied: pandas>=0.21.1 in /usr/local/lib/python3.7/dist-packages (from category_encoders) (1.3.5)\n",
            "Requirement already satisfied: scikit-learn>=0.20.0 in /usr/local/lib/python3.7/dist-packages (from category_encoders) (1.0.2)\n",
            "Requirement already satisfied: statsmodels>=0.9.0 in /usr/local/lib/python3.7/dist-packages (from category_encoders) (0.10.2)\n",
            "Requirement already satisfied: patsy>=0.5.1 in /usr/local/lib/python3.7/dist-packages (from category_encoders) (0.5.2)\n",
            "Requirement already satisfied: numpy>=1.14.0 in /usr/local/lib/python3.7/dist-packages (from category_encoders) (1.21.6)\n",
            "Requirement already satisfied: pytz>=2017.3 in /usr/local/lib/python3.7/dist-packages (from pandas>=0.21.1->category_encoders) (2022.1)\n",
            "Requirement already satisfied: python-dateutil>=2.7.3 in /usr/local/lib/python3.7/dist-packages (from pandas>=0.21.1->category_encoders) (2.8.2)\n",
            "Requirement already satisfied: six in /usr/local/lib/python3.7/dist-packages (from patsy>=0.5.1->category_encoders) (1.15.0)\n",
            "Requirement already satisfied: threadpoolctl>=2.0.0 in /usr/local/lib/python3.7/dist-packages (from scikit-learn>=0.20.0->category_encoders) (3.1.0)\n",
            "Requirement already satisfied: joblib>=0.11 in /usr/local/lib/python3.7/dist-packages (from scikit-learn>=0.20.0->category_encoders) (1.1.0)\n",
            "Installing collected packages: category-encoders\n",
            "Successfully installed category-encoders-2.4.0\n"
          ]
        }
      ],
      "source": [
        "pip install --upgrade category_encoders"
      ]
    },
    {
      "cell_type": "code",
      "execution_count": null,
      "metadata": {
        "colab": {
          "base_uri": "https://localhost:8080/"
        },
        "id": "HLZyrkem3b2m",
        "outputId": "139bf05c-1e54-44ce-d8c9-4dadd1ae5446"
      },
      "outputs": [
        {
          "name": "stdout",
          "output_type": "stream",
          "text": [
            "Collecting catboost\n",
            "  Downloading catboost-1.0.5-cp37-none-manylinux1_x86_64.whl (76.6 MB)\n",
            "\u001b[K     |████████████████████████████████| 76.6 MB 1.6 MB/s \n",
            "\u001b[?25hRequirement already satisfied: graphviz in /usr/local/lib/python3.7/dist-packages (from catboost) (0.10.1)\n",
            "Requirement already satisfied: numpy>=1.16.0 in /usr/local/lib/python3.7/dist-packages (from catboost) (1.21.6)\n",
            "Requirement already satisfied: plotly in /usr/local/lib/python3.7/dist-packages (from catboost) (5.5.0)\n",
            "Requirement already satisfied: matplotlib in /usr/local/lib/python3.7/dist-packages (from catboost) (3.2.2)\n",
            "Requirement already satisfied: scipy in /usr/local/lib/python3.7/dist-packages (from catboost) (1.4.1)\n",
            "Requirement already satisfied: pandas>=0.24.0 in /usr/local/lib/python3.7/dist-packages (from catboost) (1.3.5)\n",
            "Requirement already satisfied: six in /usr/local/lib/python3.7/dist-packages (from catboost) (1.15.0)\n",
            "Requirement already satisfied: pytz>=2017.3 in /usr/local/lib/python3.7/dist-packages (from pandas>=0.24.0->catboost) (2022.1)\n",
            "Requirement already satisfied: python-dateutil>=2.7.3 in /usr/local/lib/python3.7/dist-packages (from pandas>=0.24.0->catboost) (2.8.2)\n",
            "Requirement already satisfied: cycler>=0.10 in /usr/local/lib/python3.7/dist-packages (from matplotlib->catboost) (0.11.0)\n",
            "Requirement already satisfied: pyparsing!=2.0.4,!=2.1.2,!=2.1.6,>=2.0.1 in /usr/local/lib/python3.7/dist-packages (from matplotlib->catboost) (3.0.8)\n",
            "Requirement already satisfied: kiwisolver>=1.0.1 in /usr/local/lib/python3.7/dist-packages (from matplotlib->catboost) (1.4.2)\n",
            "Requirement already satisfied: typing-extensions in /usr/local/lib/python3.7/dist-packages (from kiwisolver>=1.0.1->matplotlib->catboost) (4.1.1)\n",
            "Requirement already satisfied: tenacity>=6.2.0 in /usr/local/lib/python3.7/dist-packages (from plotly->catboost) (8.0.1)\n",
            "Installing collected packages: catboost\n",
            "Successfully installed catboost-1.0.5\n"
          ]
        }
      ],
      "source": [
        "pip install catboost"
      ]
    },
    {
      "cell_type": "code",
      "execution_count": null,
      "metadata": {
        "id": "MJFklRv4zeSf"
      },
      "outputs": [],
      "source": [
        "# Basic Libraries\n",
        "from IPython.display import clear_output\n",
        "import os\n",
        "import warnings\n",
        "from pathlib import Path\n",
        "\n",
        "import matplotlib.pyplot as plt\n",
        "import numpy as np\n",
        "import pandas as pd\n",
        "import pandas_profiling as pp\n",
        "import seaborn as sns\n",
        "from IPython.display import display\n",
        "\n",
        "# Encoders\n",
        "from pandas.api.types import CategoricalDtype\n",
        "from category_encoders import MEstimateEncoder\n",
        "from sklearn.preprocessing import LabelEncoder, OrdinalEncoder, StandardScaler\n",
        "from category_encoders import MEstimateEncoder\n",
        "\n",
        "# Scikit Learn\n",
        "from sklearn.cluster import KMeans\n",
        "from sklearn.decomposition import PCA\n",
        "from sklearn.feature_selection import mutual_info_regression\n",
        "from sklearn.model_selection import KFold, cross_val_score, StratifiedKFold, learning_curve, train_test_split, GroupKFold\n",
        "\n",
        "# Algorithms\n",
        "from xgboost import XGBClassifier\n",
        "from lightgbm import LGBMClassifier\n",
        "from catboost import CatBoostClassifier\n",
        "\n",
        "# Optuna - Bayesian Optimization \n",
        "#import optuna\n",
        "#from optuna.samplers import TPESampler\n",
        "\n",
        "# Plotly\n",
        "import plotly.express as px\n",
        "from plotly.subplots import make_subplots\n",
        "import plotly.figure_factory as ff\n",
        "import plotly.offline as offline\n",
        "import plotly.graph_objs as go\n",
        "\n",
        "# TPS April22 Metric\n",
        "from sklearn.metrics import roc_auc_score\n",
        "\n",
        "# Permutation Importance\n",
        "#import eli5\n",
        "#from eli5.sklearn import PermutationImportance\n",
        "\n",
        "# TensorFlow\n",
        "import tensorflow as tf\n",
        "from tensorflow.keras.utils import plot_model\n",
        "from tensorflow.keras.models import Model, load_model\n",
        "from tensorflow.keras.callbacks import EarlyStopping\n",
        "from tensorflow.keras.callbacks import ModelCheckpoint\n",
        "from tensorflow.keras.callbacks import ReduceLROnPlateau\n",
        "from tensorflow.keras.layers import GlobalMaxPooling1D\n",
        "from tensorflow.keras.layers import BatchNormalization\n",
        "from tensorflow.keras.layers import Dense, Dropout, Input\n",
        "from tensorflow.keras.layers import Concatenate, LSTM, GRU\n",
        "from tensorflow.keras.layers import Bidirectional, Multiply\n",
        "\n",
        "warnings.filterwarnings('ignore')\n",
        "\n",
        "def load_data():\n",
        "    df_train = pd.read_csv(filepath_or_buffer = \"/content/drive/MyDrive/my_databases/tabular-playground-series-apr-2022/train.csv\",\n",
        "                           sep = ',')\n",
        "    df_test = pd.read_csv(filepath_or_buffer = \"/content/drive/MyDrive/my_databases/tabular-playground-series-apr-2022/test.csv\",\n",
        "                           sep = ',')\n",
        "    train_labels = pd.read_csv(filepath_or_buffer = \"/content/drive/MyDrive/my_databases/tabular-playground-series-apr-2022/train_labels.csv\",\n",
        "                           sep = ',')\n",
        "    # Merge the splits so we can process them together\n",
        "    df_train = df_train.merge(train_labels, on='sequence', how='outer')\n",
        "    df = pd.concat([df_train, df_test])\n",
        "    return df\n",
        "\n",
        "def plot_feature_importance(importance,names,model_type):\n",
        "    \n",
        "    #Create arrays from feature importance and feature names\n",
        "    feature_importance = np.array(importance)\n",
        "    feature_names = np.array(names)\n",
        "    \n",
        "    #Create a DataFrame using a Dictionary\n",
        "    data={'feature_names':feature_names,'feature_importance':feature_importance}\n",
        "    fi_df = pd.DataFrame(data)\n",
        "    \n",
        "    #Sort the DataFrame in order decreasing feature importance\n",
        "    fi_df.sort_values(by=['feature_importance'], ascending=False,inplace=True)\n",
        "    fi_df = fi_df[fi_df.feature_importance > 0]\n",
        "    fig = px.bar(fi_df, x='feature_names', y='feature_importance', color=\"feature_importance\",\n",
        "             color_continuous_scale='Blugrn')\n",
        "    \n",
        "    # General Styling\n",
        "    fig.update_layout(height=750, bargap=0.2,\n",
        "                  margin=dict(b=50,r=30,l=100,t=100),\n",
        "                  title = \"<span style='font-size:36px; font-family:Times New Roman'>Feature Importance Analysis</span>\",                  \n",
        "                  plot_bgcolor='rgb(242,242,242)',\n",
        "                  paper_bgcolor = 'rgb(242,242,242)',\n",
        "                  font=dict(family=\"Times New Roman\", size= 14),\n",
        "                  hoverlabel=dict(font_color=\"floralwhite\"),\n",
        "                  showlegend=False)\n",
        "    fig.show()\n",
        "\n",
        "df_data = load_data()\n",
        "clear_output()\n",
        "#pp.ProfileReport(df_data)"
      ]
    },
    {
      "cell_type": "markdown",
      "metadata": {
        "id": "NR55Zd4g5B99"
      },
      "source": [
        "Анализируя предыдущий отчет о профилировании, мы смогли заметить следующее в отношении предоставленного набора данных:\n",
        "\n",
        "2.3M приведенных примеров\n",
        "Все переменные являются числовыми.\n",
        "Никаких пропущенных значений.\n",
        "Высокая корреляция между некоторыми парами характеристик датчиков.\n",
        "Ни одна из функций датчика не распределена равномерно.\n",
        "Мы собираемся провести более исчерпывающий анализ в следующем разделе."
      ]
    },
    {
      "cell_type": "markdown",
      "metadata": {
        "id": "WP6Z7uI94_Ul"
      },
      "source": [
        "Как мы можем наблюдать в предыдущем отчете из набора данных, у нас есть объем более 2,3 миллионов строк. В связи с этим, чтобы не возникало проблем с памятью в ядре, мы собираемся уменьшить его использование памяти с помощью следующей функции. Ниже мы можем оценить, что сокращение было успешным, поскольку нам удалось добиться сокращения на 50,7%."
      ]
    },
    {
      "cell_type": "code",
      "execution_count": null,
      "metadata": {
        "colab": {
          "base_uri": "https://localhost:8080/"
        },
        "id": "FELgj0Af40he",
        "outputId": "1cb03891-5b70-4c17-e2b3-3b1743dee5c0"
      },
      "outputs": [
        {
          "name": "stdout",
          "output_type": "stream",
          "text": [
            "Mem. usage decreased to 155.14 Mb (50.7% reduction)\n"
          ]
        }
      ],
      "source": [
        "def reduce_mem_usage(df, verbose=True):\n",
        "    numerics = ['int8','int16', 'int32', 'int64', 'float16', 'float32', 'float64']\n",
        "    start_mem = df.memory_usage().sum() / 1024**2\n",
        "\n",
        "    for col in df.columns:\n",
        "        col_type = df[col].dtypes\n",
        "\n",
        "        if col_type in numerics:\n",
        "            c_min = df[col].min()\n",
        "            c_max = df[col].max()\n",
        "\n",
        "            if str(col_type)[:3] == 'int':\n",
        "                if c_min > np.iinfo(np.int8).min and c_max < np.iinfo(np.int8).max:\n",
        "                    df[col] = df[col].astype(np.int8)\n",
        "                elif c_min > np.iinfo(np.int16).min and c_max < np.iinfo(np.int16).max:\n",
        "                    df[col] = df[col].astype(np.int16)\n",
        "                elif c_min > np.iinfo(np.int32).min and c_max < np.iinfo(np.int32).max:\n",
        "                    df[col] = df[col].astype(np.int32)\n",
        "                elif c_min > np.iinfo(np.int64).min and c_max < np.iinfo(np.int64).max:\n",
        "                    df[col] = df[col].astype(np.int64)  \n",
        "            else:\n",
        "                if c_min > np.finfo(np.float32).min and c_max < np.finfo(np.float32).max:\n",
        "                    df[col] = df[col].astype(np.float32)\n",
        "                else:\n",
        "                    df[col] = df[col].astype(np.float64)\n",
        "\n",
        "    end_mem = df.memory_usage().sum() / 1024**2\n",
        "\n",
        "    if verbose:\n",
        "        print('Mem. usage decreased to {:5.2f} Mb ({:.1f}% reduction)'.format(end_mem, 100 * (start_mem - end_mem) / start_mem))\n",
        " \n",
        "    return df\n",
        "\n",
        "df_data = reduce_mem_usage(df_data)"
      ]
    },
    {
      "cell_type": "markdown",
      "metadata": {
        "id": "YL8w2vz65eP1"
      },
      "source": [
        "Хотя у нас был один в верхнем отчете, мы собираемся построить другой, чтобы проанализировать и изучить лучшие корреляции между нашими функциями. Для тех, кто заинтересован, мои визуализации будут сделаны с помощью библиотеки Plotly. Надеюсь, они вам понравятся! Не стесняйтесь писать мне в комментариях с любыми советами, чтобы улучшить их."
      ]
    },
    {
      "cell_type": "code",
      "execution_count": null,
      "metadata": {
        "colab": {
          "base_uri": "https://localhost:8080/",
          "height": 767
        },
        "id": "Wv1mQ-ce5f2V",
        "outputId": "7a557a33-9069-4f25-93c5-e7473a5e9d95"
      },
      "outputs": [
        {
          "data": {
            "text/html": [
              "<html>\n",
              "<head><meta charset=\"utf-8\" /></head>\n",
              "<body>\n",
              "    <div>            <script src=\"https://cdnjs.cloudflare.com/ajax/libs/mathjax/2.7.5/MathJax.js?config=TeX-AMS-MML_SVG\"></script><script type=\"text/javascript\">if (window.MathJax) {MathJax.Hub.Config({SVG: {font: \"STIX-Web\"}});}</script>                <script type=\"text/javascript\">window.PlotlyConfig = {MathJaxConfig: 'local'};</script>\n",
              "        <script src=\"https://cdn.plot.ly/plotly-2.8.3.min.js\"></script>                <div id=\"88b4bdf1-4544-4dd5-8339-7f6d1cbf06f3\" class=\"plotly-graph-div\" style=\"height:750px; width:100%;\"></div>            <script type=\"text/javascript\">                                    window.PLOTLYENV=window.PLOTLYENV || {};                                    if (document.getElementById(\"88b4bdf1-4544-4dd5-8339-7f6d1cbf06f3\")) {                    Plotly.newPlot(                        \"88b4bdf1-4544-4dd5-8339-7f6d1cbf06f3\",                        [{\"coloraxis\":\"coloraxis\",\"name\":\"0\",\"x\":[\"sequence\",\"subject\",\"step\",\"sensor_00\",\"sensor_01\",\"sensor_02\",\"sensor_03\",\"sensor_04\",\"sensor_05\",\"sensor_06\",\"sensor_07\",\"sensor_08\",\"sensor_09\",\"sensor_10\",\"sensor_11\",\"sensor_12\",\"state\"],\"y\":[\"sequence\",\"subject\",\"step\",\"sensor_00\",\"sensor_01\",\"sensor_02\",\"sensor_03\",\"sensor_04\",\"sensor_05\",\"sensor_06\",\"sensor_07\",\"sensor_08\",\"sensor_09\",\"sensor_10\",\"sensor_11\",\"sensor_12\",\"state\"],\"z\":[[1.0,-0.0032477741895559483,5.821928163307497e-15,-8.500062728808884e-05,-0.00010096152998284934,0.0054701644732879345,0.00031529806070190795,0.0004156162458481043,0.0002654309785000436,-5.9757784573135644e-05,0.0001884623868576158,0.00037712104154685803,-0.000250665112788676,-0.00018649207409058194,0.0001706945524823414,-3.6999570507791144e-05,-0.0072507878573536315],[-0.0032477741895559483,1.0,-1.0408969224501739e-16,0.00017004948846387427,-3.086203350597983e-05,0.007329859065633768,-3.570894272988445e-05,-0.0006074459400627041,-0.00015014256099822574,-0.00013167326569510533,9.211330533382003e-05,-0.00026916460665717183,8.025409187233604e-05,-0.0008524828483816498,0.0001091757556481059,0.0004693421416926688,-0.0257587429830661],[5.821928163307497e-15,-1.0408969224501739e-16,1.0,-0.00024580905037825044,3.7126796372794576e-05,6.542711617120743e-05,0.0005639744142961877,-4.7127315411859945e-05,-7.17723873412741e-05,-8.559687023045428e-05,0.00018472945288534594,0.00020287071364561714,-9.11399189282954e-05,-0.0004660837940051903,5.444917381867821e-07,0.0002494245324136463,6.992822779537204e-17],[-8.500062728808884e-05,0.00017004948846387427,-0.00024580905037825044,1.0,0.27041553391282497,0.00013449344491253876,-0.04543829787285768,-0.0012795210763161102,0.0014526571792694905,0.5318122248667762,0.04980682011042172,-0.004507295833961842,0.47897182625802115,-0.00023318057867240268,-0.08952495980523667,-0.00012015261384490183,-0.0002728575814549742],[-0.00010096152998284934,-3.086203350597983e-05,3.7126796372794576e-05,0.27041553391282497,1.0,0.00025299718355294376,0.007056257692991613,0.004169039682353428,-0.004362587350846956,0.32869139729840696,-0.05574031097153693,-0.005967451477121059,0.22208243986997112,8.772246077019785e-05,0.24508323637697954,-0.001768515372572808,-0.00034939572017879644],[0.0054701644732879345,0.007329859065633768,6.542711617120743e-05,0.00013449344491253876,0.00025299718355294376,1.0,-0.0006456460471106957,0.0002897729340828145,0.0013854187373977327,0.00014330841618597783,-0.000402104074667374,-0.00040254622102979434,0.0002022998405207948,0.0034686952967500416,-8.829586195366176e-05,-0.00034280983250322555,0.07990805059777963],[0.00031529806070190795,-3.570894272988445e-05,0.0005639744142961877,-0.04543829787285768,0.007056257692991613,-0.0006456460471106957,1.0,-0.0012258174593632058,0.0029564617281321484,0.03161658719905001,0.5655414049821276,0.012267256290955856,-0.023650437568636447,-0.0054999108072784405,0.501528054581527,-0.0006577492931138802,-5.687694651524297e-05],[0.0004156162458481043,-0.0006074459400627041,-4.7127315411859945e-05,-0.0012795210763161102,0.004169039682353428,0.0002897729340828145,-0.0012258174593632058,1.0,0.0014690716669147335,-0.0010091435048930493,-0.002382511889067081,-0.0001504231698300841,0.002781935982560264,0.22780190702945283,-0.0015585592214167954,-0.01633513907460001,0.003799226714516896],[0.0002654309785000436,-0.00015014256099822574,-7.17723873412741e-05,0.0014526571792694905,-0.004362587350846956,0.0013854187373977327,0.0029564617281321484,0.0014690716669147335,1.0,-0.002843234806956571,0.004495414453325081,0.0050554774893546974,0.0014177031742392955,0.0017712658346532974,-0.0002790757169841939,0.0008169755442538338,-0.0002672548239996256],[-5.9757784573135644e-05,-0.00013167326569510533,-8.559687023045428e-05,0.5318122248667762,0.32869139729840696,0.00014330841618597783,0.03161658719905001,-0.0010091435048930493,-0.002843234806956571,1.0,-0.005467850855414983,0.0033075326345907226,0.4071893363345513,0.0006403990869847354,-0.010231503111519397,-0.0007485671850899522,-0.0006545808282110037],[0.0001884623868576158,9.211330533382003e-05,0.00018472945288534594,0.04980682011042172,-0.05574031097153693,-0.000402104074667374,0.5655414049821276,-0.002382511889067081,0.004495414453325081,-0.005467850855414983,1.0,0.009365395063270337,-0.01016762517115178,1.0889457863899383e-05,0.45161345256841845,-0.0018526137338658827,0.00010567614362893878],[0.00037712104154685803,-0.00026916460665717183,0.00020287071364561714,-0.004507295833961842,-0.005967451477121059,-0.00040254622102979434,0.012267256290955856,-0.0001504231698300841,0.0050554774893546974,0.0033075326345907226,0.009365395063270337,1.0,-0.009789068669757307,-0.00020324472356132942,0.009355738986766341,-0.0006457123681782126,0.00045949416435844186],[-0.000250665112788676,8.025409187233604e-05,-9.11399189282954e-05,0.47897182625802115,0.22208243986997112,0.0002022998405207948,-0.023650437568636447,0.002781935982560264,0.0014177031742392955,0.4071893363345513,-0.01016762517115178,-0.009789068669757307,1.0,0.0029875375635543258,-0.0742168291292179,-0.00040040517011039105,-0.0002348631965440114],[-0.00018649207409058194,-0.0008524828483816498,-0.0004660837940051903,-0.00023318057867240268,8.772246077019785e-05,0.0034686952967500416,-0.0054999108072784405,0.22780190702945283,0.0017712658346532974,0.0006403990869847354,1.0889457863899383e-05,-0.00020324472356132942,0.0029875375635543258,1.0,-0.005242566138672277,-0.05465063370744289,0.0023693652608876297],[0.0001706945524823414,0.0001091757556481059,5.444917381867821e-07,-0.08952495980523667,0.24508323637697954,-8.829586195366176e-05,0.501528054581527,-0.0015585592214167954,-0.0002790757169841939,-0.010231503111519397,0.45161345256841845,0.009355738986766341,-0.0742168291292179,-0.005242566138672277,1.0,-0.0012310158843669343,-0.00018360884990483898],[-3.6999570507791144e-05,0.0004693421416926688,0.0002494245324136463,-0.00012015261384490183,-0.001768515372572808,-0.00034280983250322555,-0.0006577492931138802,-0.01633513907460001,0.0008169755442538338,-0.0007485671850899522,-0.0018526137338658827,-0.0006457123681782126,-0.00040040517011039105,-0.05465063370744289,-0.0012310158843669343,1.0,0.0005994680080069206],[-0.0072507878573536315,-0.0257587429830661,6.992822779537204e-17,-0.0002728575814549742,-0.00034939572017879644,0.07990805059777963,-5.687694651524297e-05,0.003799226714516896,-0.0002672548239996256,-0.0006545808282110037,0.00010567614362893878,0.00045949416435844186,-0.0002348631965440114,0.0023693652608876297,-0.00018360884990483898,0.0005994680080069206,1.0]],\"type\":\"heatmap\",\"xaxis\":\"x\",\"yaxis\":\"y\",\"hovertemplate\":\"x: %{x}<br>y: %{y}<br>color: %{z}<extra></extra>\"}],                        {\"template\":{\"data\":{\"bar\":[{\"error_x\":{\"color\":\"#2a3f5f\"},\"error_y\":{\"color\":\"#2a3f5f\"},\"marker\":{\"line\":{\"color\":\"#E5ECF6\",\"width\":0.5},\"pattern\":{\"fillmode\":\"overlay\",\"size\":10,\"solidity\":0.2}},\"type\":\"bar\"}],\"barpolar\":[{\"marker\":{\"line\":{\"color\":\"#E5ECF6\",\"width\":0.5},\"pattern\":{\"fillmode\":\"overlay\",\"size\":10,\"solidity\":0.2}},\"type\":\"barpolar\"}],\"carpet\":[{\"aaxis\":{\"endlinecolor\":\"#2a3f5f\",\"gridcolor\":\"white\",\"linecolor\":\"white\",\"minorgridcolor\":\"white\",\"startlinecolor\":\"#2a3f5f\"},\"baxis\":{\"endlinecolor\":\"#2a3f5f\",\"gridcolor\":\"white\",\"linecolor\":\"white\",\"minorgridcolor\":\"white\",\"startlinecolor\":\"#2a3f5f\"},\"type\":\"carpet\"}],\"choropleth\":[{\"colorbar\":{\"outlinewidth\":0,\"ticks\":\"\"},\"type\":\"choropleth\"}],\"contour\":[{\"colorbar\":{\"outlinewidth\":0,\"ticks\":\"\"},\"colorscale\":[[0.0,\"#0d0887\"],[0.1111111111111111,\"#46039f\"],[0.2222222222222222,\"#7201a8\"],[0.3333333333333333,\"#9c179e\"],[0.4444444444444444,\"#bd3786\"],[0.5555555555555556,\"#d8576b\"],[0.6666666666666666,\"#ed7953\"],[0.7777777777777778,\"#fb9f3a\"],[0.8888888888888888,\"#fdca26\"],[1.0,\"#f0f921\"]],\"type\":\"contour\"}],\"contourcarpet\":[{\"colorbar\":{\"outlinewidth\":0,\"ticks\":\"\"},\"type\":\"contourcarpet\"}],\"heatmap\":[{\"colorbar\":{\"outlinewidth\":0,\"ticks\":\"\"},\"colorscale\":[[0.0,\"#0d0887\"],[0.1111111111111111,\"#46039f\"],[0.2222222222222222,\"#7201a8\"],[0.3333333333333333,\"#9c179e\"],[0.4444444444444444,\"#bd3786\"],[0.5555555555555556,\"#d8576b\"],[0.6666666666666666,\"#ed7953\"],[0.7777777777777778,\"#fb9f3a\"],[0.8888888888888888,\"#fdca26\"],[1.0,\"#f0f921\"]],\"type\":\"heatmap\"}],\"heatmapgl\":[{\"colorbar\":{\"outlinewidth\":0,\"ticks\":\"\"},\"colorscale\":[[0.0,\"#0d0887\"],[0.1111111111111111,\"#46039f\"],[0.2222222222222222,\"#7201a8\"],[0.3333333333333333,\"#9c179e\"],[0.4444444444444444,\"#bd3786\"],[0.5555555555555556,\"#d8576b\"],[0.6666666666666666,\"#ed7953\"],[0.7777777777777778,\"#fb9f3a\"],[0.8888888888888888,\"#fdca26\"],[1.0,\"#f0f921\"]],\"type\":\"heatmapgl\"}],\"histogram\":[{\"marker\":{\"pattern\":{\"fillmode\":\"overlay\",\"size\":10,\"solidity\":0.2}},\"type\":\"histogram\"}],\"histogram2d\":[{\"colorbar\":{\"outlinewidth\":0,\"ticks\":\"\"},\"colorscale\":[[0.0,\"#0d0887\"],[0.1111111111111111,\"#46039f\"],[0.2222222222222222,\"#7201a8\"],[0.3333333333333333,\"#9c179e\"],[0.4444444444444444,\"#bd3786\"],[0.5555555555555556,\"#d8576b\"],[0.6666666666666666,\"#ed7953\"],[0.7777777777777778,\"#fb9f3a\"],[0.8888888888888888,\"#fdca26\"],[1.0,\"#f0f921\"]],\"type\":\"histogram2d\"}],\"histogram2dcontour\":[{\"colorbar\":{\"outlinewidth\":0,\"ticks\":\"\"},\"colorscale\":[[0.0,\"#0d0887\"],[0.1111111111111111,\"#46039f\"],[0.2222222222222222,\"#7201a8\"],[0.3333333333333333,\"#9c179e\"],[0.4444444444444444,\"#bd3786\"],[0.5555555555555556,\"#d8576b\"],[0.6666666666666666,\"#ed7953\"],[0.7777777777777778,\"#fb9f3a\"],[0.8888888888888888,\"#fdca26\"],[1.0,\"#f0f921\"]],\"type\":\"histogram2dcontour\"}],\"mesh3d\":[{\"colorbar\":{\"outlinewidth\":0,\"ticks\":\"\"},\"type\":\"mesh3d\"}],\"parcoords\":[{\"line\":{\"colorbar\":{\"outlinewidth\":0,\"ticks\":\"\"}},\"type\":\"parcoords\"}],\"pie\":[{\"automargin\":true,\"type\":\"pie\"}],\"scatter\":[{\"marker\":{\"colorbar\":{\"outlinewidth\":0,\"ticks\":\"\"}},\"type\":\"scatter\"}],\"scatter3d\":[{\"line\":{\"colorbar\":{\"outlinewidth\":0,\"ticks\":\"\"}},\"marker\":{\"colorbar\":{\"outlinewidth\":0,\"ticks\":\"\"}},\"type\":\"scatter3d\"}],\"scattercarpet\":[{\"marker\":{\"colorbar\":{\"outlinewidth\":0,\"ticks\":\"\"}},\"type\":\"scattercarpet\"}],\"scattergeo\":[{\"marker\":{\"colorbar\":{\"outlinewidth\":0,\"ticks\":\"\"}},\"type\":\"scattergeo\"}],\"scattergl\":[{\"marker\":{\"colorbar\":{\"outlinewidth\":0,\"ticks\":\"\"}},\"type\":\"scattergl\"}],\"scattermapbox\":[{\"marker\":{\"colorbar\":{\"outlinewidth\":0,\"ticks\":\"\"}},\"type\":\"scattermapbox\"}],\"scatterpolar\":[{\"marker\":{\"colorbar\":{\"outlinewidth\":0,\"ticks\":\"\"}},\"type\":\"scatterpolar\"}],\"scatterpolargl\":[{\"marker\":{\"colorbar\":{\"outlinewidth\":0,\"ticks\":\"\"}},\"type\":\"scatterpolargl\"}],\"scatterternary\":[{\"marker\":{\"colorbar\":{\"outlinewidth\":0,\"ticks\":\"\"}},\"type\":\"scatterternary\"}],\"surface\":[{\"colorbar\":{\"outlinewidth\":0,\"ticks\":\"\"},\"colorscale\":[[0.0,\"#0d0887\"],[0.1111111111111111,\"#46039f\"],[0.2222222222222222,\"#7201a8\"],[0.3333333333333333,\"#9c179e\"],[0.4444444444444444,\"#bd3786\"],[0.5555555555555556,\"#d8576b\"],[0.6666666666666666,\"#ed7953\"],[0.7777777777777778,\"#fb9f3a\"],[0.8888888888888888,\"#fdca26\"],[1.0,\"#f0f921\"]],\"type\":\"surface\"}],\"table\":[{\"cells\":{\"fill\":{\"color\":\"#EBF0F8\"},\"line\":{\"color\":\"white\"}},\"header\":{\"fill\":{\"color\":\"#C8D4E3\"},\"line\":{\"color\":\"white\"}},\"type\":\"table\"}]},\"layout\":{\"annotationdefaults\":{\"arrowcolor\":\"#2a3f5f\",\"arrowhead\":0,\"arrowwidth\":1},\"autotypenumbers\":\"strict\",\"coloraxis\":{\"colorbar\":{\"outlinewidth\":0,\"ticks\":\"\"}},\"colorscale\":{\"diverging\":[[0,\"#8e0152\"],[0.1,\"#c51b7d\"],[0.2,\"#de77ae\"],[0.3,\"#f1b6da\"],[0.4,\"#fde0ef\"],[0.5,\"#f7f7f7\"],[0.6,\"#e6f5d0\"],[0.7,\"#b8e186\"],[0.8,\"#7fbc41\"],[0.9,\"#4d9221\"],[1,\"#276419\"]],\"sequential\":[[0.0,\"#0d0887\"],[0.1111111111111111,\"#46039f\"],[0.2222222222222222,\"#7201a8\"],[0.3333333333333333,\"#9c179e\"],[0.4444444444444444,\"#bd3786\"],[0.5555555555555556,\"#d8576b\"],[0.6666666666666666,\"#ed7953\"],[0.7777777777777778,\"#fb9f3a\"],[0.8888888888888888,\"#fdca26\"],[1.0,\"#f0f921\"]],\"sequentialminus\":[[0.0,\"#0d0887\"],[0.1111111111111111,\"#46039f\"],[0.2222222222222222,\"#7201a8\"],[0.3333333333333333,\"#9c179e\"],[0.4444444444444444,\"#bd3786\"],[0.5555555555555556,\"#d8576b\"],[0.6666666666666666,\"#ed7953\"],[0.7777777777777778,\"#fb9f3a\"],[0.8888888888888888,\"#fdca26\"],[1.0,\"#f0f921\"]]},\"colorway\":[\"#636efa\",\"#EF553B\",\"#00cc96\",\"#ab63fa\",\"#FFA15A\",\"#19d3f3\",\"#FF6692\",\"#B6E880\",\"#FF97FF\",\"#FECB52\"],\"font\":{\"color\":\"#2a3f5f\"},\"geo\":{\"bgcolor\":\"white\",\"lakecolor\":\"white\",\"landcolor\":\"#E5ECF6\",\"showlakes\":true,\"showland\":true,\"subunitcolor\":\"white\"},\"hoverlabel\":{\"align\":\"left\"},\"hovermode\":\"closest\",\"mapbox\":{\"style\":\"light\"},\"paper_bgcolor\":\"white\",\"plot_bgcolor\":\"#E5ECF6\",\"polar\":{\"angularaxis\":{\"gridcolor\":\"white\",\"linecolor\":\"white\",\"ticks\":\"\"},\"bgcolor\":\"#E5ECF6\",\"radialaxis\":{\"gridcolor\":\"white\",\"linecolor\":\"white\",\"ticks\":\"\"}},\"scene\":{\"xaxis\":{\"backgroundcolor\":\"#E5ECF6\",\"gridcolor\":\"white\",\"gridwidth\":2,\"linecolor\":\"white\",\"showbackground\":true,\"ticks\":\"\",\"zerolinecolor\":\"white\"},\"yaxis\":{\"backgroundcolor\":\"#E5ECF6\",\"gridcolor\":\"white\",\"gridwidth\":2,\"linecolor\":\"white\",\"showbackground\":true,\"ticks\":\"\",\"zerolinecolor\":\"white\"},\"zaxis\":{\"backgroundcolor\":\"#E5ECF6\",\"gridcolor\":\"white\",\"gridwidth\":2,\"linecolor\":\"white\",\"showbackground\":true,\"ticks\":\"\",\"zerolinecolor\":\"white\"}},\"shapedefaults\":{\"line\":{\"color\":\"#2a3f5f\"}},\"ternary\":{\"aaxis\":{\"gridcolor\":\"white\",\"linecolor\":\"white\",\"ticks\":\"\"},\"baxis\":{\"gridcolor\":\"white\",\"linecolor\":\"white\",\"ticks\":\"\"},\"bgcolor\":\"#E5ECF6\",\"caxis\":{\"gridcolor\":\"white\",\"linecolor\":\"white\",\"ticks\":\"\"}},\"title\":{\"x\":0.05},\"xaxis\":{\"automargin\":true,\"gridcolor\":\"white\",\"linecolor\":\"white\",\"ticks\":\"\",\"title\":{\"standoff\":15},\"zerolinecolor\":\"white\",\"zerolinewidth\":2},\"yaxis\":{\"automargin\":true,\"gridcolor\":\"white\",\"linecolor\":\"white\",\"ticks\":\"\",\"title\":{\"standoff\":15},\"zerolinecolor\":\"white\",\"zerolinewidth\":2}}},\"xaxis\":{\"anchor\":\"y\",\"domain\":[0.0,1.0],\"showgrid\":false,\"linecolor\":\"gray\",\"linewidth\":2,\"zeroline\":false},\"yaxis\":{\"anchor\":\"x\",\"domain\":[0.0,1.0],\"autorange\":true,\"showgrid\":true,\"gridcolor\":\"gray\",\"gridwidth\":0.5,\"linecolor\":\"gray\",\"linewidth\":2,\"zeroline\":false},\"coloraxis\":{\"colorscale\":[[0.0,\"rgb(5,48,97)\"],[0.1,\"rgb(33,102,172)\"],[0.2,\"rgb(67,147,195)\"],[0.3,\"rgb(146,197,222)\"],[0.4,\"rgb(209,229,240)\"],[0.5,\"rgb(247,247,247)\"],[0.6,\"rgb(253,219,199)\"],[0.7,\"rgb(244,165,130)\"],[0.8,\"rgb(214,96,77)\"],[0.9,\"rgb(178,24,43)\"],[1.0,\"rgb(103,0,31)\"]],\"cmid\":0},\"margin\":{\"t\":100,\"b\":50,\"r\":30,\"l\":100},\"font\":{\"family\":\"Times New Roman\",\"size\":14},\"hoverlabel\":{\"font\":{\"color\":\"floralwhite\"}},\"height\":750,\"bargap\":0.2,\"title\":{\"text\":\"<span style='font-size:36px; font-family:Times New Roman'>Heatmap</span>\"},\"plot_bgcolor\":\"rgb(242,242,242)\",\"paper_bgcolor\":\"rgb(242,242,242)\",\"showlegend\":false},                        {\"responsive\": true}                    ).then(function(){\n",
              "                            \n",
              "var gd = document.getElementById('88b4bdf1-4544-4dd5-8339-7f6d1cbf06f3');\n",
              "var x = new MutationObserver(function (mutations, observer) {{\n",
              "        var display = window.getComputedStyle(gd).display;\n",
              "        if (!display || display === 'none') {{\n",
              "            console.log([gd, 'removed!']);\n",
              "            Plotly.purge(gd);\n",
              "            observer.disconnect();\n",
              "        }}\n",
              "}});\n",
              "\n",
              "// Listen for the removal of the full notebook cells\n",
              "var notebookContainer = gd.closest('#notebook-container');\n",
              "if (notebookContainer) {{\n",
              "    x.observe(notebookContainer, {childList: true});\n",
              "}}\n",
              "\n",
              "// Listen for the clearing of the current output cell\n",
              "var outputEl = gd.closest('.output');\n",
              "if (outputEl) {{\n",
              "    x.observe(outputEl, {childList: true});\n",
              "}}\n",
              "\n",
              "                        })                };                            </script>        </div>\n",
              "</body>\n",
              "</html>"
            ]
          },
          "metadata": {},
          "output_type": "display_data"
        }
      ],
      "source": [
        "fig = px.imshow(df_data[df_data.state.isnull() == False].corr(), color_continuous_scale='RdBu_r', color_continuous_midpoint=0, origin='lower', aspect='auto')\n",
        "fig.update_xaxes(showgrid = False, linecolor='gray', linewidth = 2, zeroline = False)\n",
        "fig.update_yaxes(showgrid = True, gridcolor='gray',gridwidth=0.5, linecolor='gray',linewidth=2, zeroline = False)\n",
        "\n",
        "# General Styling\n",
        "fig.update_layout(height=750, bargap=0.2,\n",
        "                  margin=dict(b=50,r=30,l=100, t=100),\n",
        "                  title = \"<span style='font-size:36px; font-family:Times New Roman'>Heatmap</span>\",                  \n",
        "                  plot_bgcolor='rgb(242,242,242)',\n",
        "                  paper_bgcolor = 'rgb(242,242,242)',\n",
        "                  font=dict(family=\"Times New Roman\", size= 14),\n",
        "                  hoverlabel=dict(font_color=\"floralwhite\"),\n",
        "                  showlegend=False)\n",
        "fig.show()"
      ]
    },
    {
      "cell_type": "markdown",
      "metadata": {
        "id": "gh9egUFM54El"
      },
      "source": [
        "Интерпретация: мы можем сделать следующие выводы после анализа тепловой карты, построенной:\n",
        "\n",
        "Функция состояния значительно слабо коррелирует практически с каждой функцией датчика. Датчик 2 - это тот, который наиболее коррелирует с целью.\n",
        "Все корреляции положительны, за исключением нескольких из них.\n",
        "Следующие характеристики датчиков коррелируют друг с другом: Датчик 0, Датчик 6, Датчик 9, Датчик 3, Датчик 7 и Датчик 11"
      ]
    },
    {
      "cell_type": "markdown",
      "metadata": {
        "id": "vq1YJAcb6IUd"
      },
      "source": [
        "У нас есть 38186 различных последовательностей (также с учетом тестовых последовательностей). Каждая последовательность состоит из 60 временных шагов. Поскольку обучаемые и испытуемые разные, мы не можем использовать объект в качестве функции. Наоборот: мы должны убедиться, что наш классификатор обобщается на ранее невидимые предметы. В следующей ячейке записной книжки мы проверяем, как часто каждый предмет встречается в обучающих данных. Самая редкая тема встречается только дважды; самая частая тема встречается в сто раз чаще; она встречается 199 раз. Картина для тестовых данных аналогична."
      ]
    },
    {
      "cell_type": "code",
      "execution_count": null,
      "metadata": {
        "colab": {
          "base_uri": "https://localhost:8080/",
          "height": 417
        },
        "id": "4lWWs0tA56Ud",
        "outputId": "a278b6a1-f8de-4ef7-b120-4b355f7a4248"
      },
      "outputs": [
        {
          "data": {
            "text/html": [
              "<html>\n",
              "<head><meta charset=\"utf-8\" /></head>\n",
              "<body>\n",
              "    <div>            <script src=\"https://cdnjs.cloudflare.com/ajax/libs/mathjax/2.7.5/MathJax.js?config=TeX-AMS-MML_SVG\"></script><script type=\"text/javascript\">if (window.MathJax) {MathJax.Hub.Config({SVG: {font: \"STIX-Web\"}});}</script>                <script type=\"text/javascript\">window.PlotlyConfig = {MathJaxConfig: 'local'};</script>\n",
